       sample #	   MLII	     V2
              0	    949	   1034
              1	    949	   1034
              2	    949	   1034
              3	    949	   1034
              4	    949	   1034
              5	    949	   1034
              6	    949	   1034
              7	    949	   1034
              8	    947	   1034
              9	    947	   1031
             10	    947	   1031
             11	    948	   1034
             12	    952	   1037
             13	    952	   1037
             14	    950	   1032
             15	    951	   1033
             16	    950	   1031
             17	    952	   1035
             18	    953	   1038
             19	    955	   1039
             20	    956	   1037
             21	    955	   1035
             22	    955	   1038
             23	    958	   1040
             24	    959	   1042
             25	    962	   1041
             26	    963	   1042
             27	    962	   1041
             28	    962	   1041
             29	    964	   1045
             30	    968	   1048
             31	    974	   1049
             32	    974	   1048
             33	    975	   1049
             34	    977	   1051
             35	    980	   1053
             36	    985	   1056
             37	    991	   1057
             38	    992	   1059
             39	    992	   1058
             40	    997	   1060
             41	   1000	   1066
             42	   1006	   1070
             43	   1012	   1071
             44	   1015	   1072
             45	   1017	   1075
             46	   1021	   1075
             47	   1024	   1079
             48	   1030	   1084
             49	   1036	   1083
             50	   1038	   1087
             51	   1039	   1087
             52	   1039	   1091
             53	   1044	   1094
             54	   1046	   1094
             55	   1051	   1095
             56	   1050	   1095
             57	   1053	   1094
             58	   1051	   1095
             59	   1056	   1098
             60	   1057	   1102
             61	   1059	   1103
             62	   1061	   1101
             63	   1059	   1098
             64	   1057	   1097
             65	   1058	   1100
             66	   1056	   1101
             67	   1054	   1099
             68	   1052	   1098
             69	   1048	   1093
             70	   1041	   1093
             71	   1040	   1091
             72	   1038	   1090
             73	   1035	   1086
             74	   1028	   1080
             75	   1023	   1077
             76	   1014	   1074
             77	   1011	   1072
             78	   1007	   1069
             79	   1005	   1065
             80	    999	   1060
             81	    995	   1057
             82	    991	   1053
             83	    989	   1051
             84	    987	   1050
             85	    983	   1049
             86	    981	   1045
             87	    980	   1041
             88	    978	   1039
             89	    975	   1040
             90	    976	   1040
             91	    975	   1039
             92	    975	   1036
             93	    971	   1032
             94	    971	   1032
             95	    971	   1034
             96	    972	   1037
             97	    973	   1034
             98	    970	   1032
             99	    971	   1030
            100	    969	   1030
            101	    971	   1031
            102	    969	   1033
            103	    971	   1033
            104	    970	   1031
            105	    971	   1029
            106	    968	   1027
            107	    967	   1028
            108	    969	   1031
            109	    972	   1033
            110	    974	   1033
            111	    971	   1032
            112	    970	   1029
            113	    971	   1033
            114	    976	   1036
            115	    975	   1036
            116	    974	   1033
            117	    974	   1032
            118	    973	   1034
            119	    976	   1035
            120	    978	   1038
            121	    979	   1038
            122	    978	   1038
            123	    976	   1034
            124	    976	   1035
            125	    976	   1037
            126	    980	   1037
            127	    980	   1039
            128	    980	   1037
            129	    979	   1036
            130	    976	   1037
            131	    977	   1038
            132	    981	   1042
            133	    980	   1038
            134	    978	   1036
            135	    978	   1037
            136	    977	   1035
            137	    977	   1037
            138	    980	   1037
            139	    981	   1040
            140	    978	   1039
            141	    976	   1038
            142	    974	   1036
            143	    975	   1036
            144	    976	   1037
            145	    976	   1038
            146	    977	   1034
            147	    974	   1033
            148	    973	   1033
            149	    973	   1034
            150	    974	   1036
            151	    975	   1034
            152	    973	   1032
            153	    970	   1030
            154	    970	   1028
            155	    971	   1028
            156	    972	   1032
            157	    973	   1029
            158	    970	   1029
            159	    968	   1029
            160	    966	   1026
            161	    967	   1027
            162	    967	   1030
            163	    966	   1026
            164	    966	   1024
            165	    966	   1022
            166	    964	   1022
            167	    965	   1023
            168	    964	   1025
            169	    964	   1024
            170	    963	   1023
            171	    964	   1020
            172	    960	   1020
            173	    961	   1022
            174	    961	   1022
            175	    964	   1022
            176	    962	   1019
            177	    962	   1017
            178	    959	   1018
            179	    959	   1020
            180	    960	   1021
            181	    960	   1021
            182	    962	   1018
            183	    959	   1015
            184	    959	   1016
            185	    960	   1016
            186	    961	   1020
            187	    965	   1017
            188	    969	   1018
            189	    968	   1015
            190	    968	   1016
            191	    971	   1019
            192	    973	   1021
            193	    975	   1021
            194	    976	   1019
            195	    977	   1017
            196	    975	   1018
            197	    976	   1021
            198	    977	   1023
            199	    981	   1022
            200	    981	   1020
            201	    981	   1018
            202	    978	   1019
            203	    980	   1020
            204	    982	   1022
            205	    983	   1020
            206	    981	   1021
            207	    981	   1017
            208	    975	   1016
            209	    973	   1016
            210	    974	   1016
            211	    972	   1012
            212	    970	   1010
            213	    970	   1007
            214	    970	   1004
            215	    973	   1006
            216	    974	   1013
            217	    973	   1013
            218	    972	   1017
            219	    965	   1017
            220	    961	   1015
            221	    960	   1019
            222	    959	   1018
            223	    958	   1017
            224	    956	   1015
            225	    953	   1010
            226	    948	   1010
            227	    947	   1012
            228	    948	   1014
            229	    948	   1013
            230	    945	   1011
            231	    942	   1009
            232	    943	   1007
            233	    942	   1009
            234	    943	   1011
            235	    944	   1009
            236	    946	   1008
            237	    943	   1008
            238	    940	   1008
            239	    942	   1011
            240	    944	   1012
            241	    944	   1012
            242	    945	   1011
            243	    943	   1012
            244	    942	   1011
            245	    943	   1012
            246	    944	   1014
            247	    943	   1014
            248	    943	   1012
            249	    940	   1009
            250	    935	   1010
            251	    929	   1013
            252	    916	   1013
            253	    908	   1007
            254	    906	   1003
            255	    914	   1002
            256	    927	   1009
            257	    946	   1017
            258	    982	   1026
            259	   1042	   1043
            260	   1118	   1071
            261	   1194	   1110
            262	   1262	   1158
            263	   1326	   1206
            264	   1374	   1256
            265	   1394	   1297
            266	   1384	   1311
            267	   1341	   1300
            268	   1252	   1258
            269	   1148	   1188
            270	   1050	   1100
            271	    977	   1018
            272	    936	    955
            273	    920	    929
            274	    919	    928
            275	    927	    942
            276	    943	    964
            277	    958	    985
            278	    965	   1004
            279	    960	   1016
            280	    952	   1020
            281	    949	   1022
            282	    949	   1020
            283	    948	   1017
            284	    948	   1016
            285	    945	   1015
            286	    940	   1014
            287	    938	   1015
            288	    937	   1016
            289	    938	   1013
            290	    937	   1012
            291	    934	   1012
            292	    931	   1009
            293	    932	   1013
            294	    934	   1014
            295	    935	   1014
            296	    932	   1012
            297	    931	   1012
            298	    927	   1012
            299	    930	   1014
            300	    933	   1015
            301	    931	   1013
            302	    932	   1011
            303	    930	   1012
            304	    929	   1013
            305	    931	   1015
            306	    929	   1018
            307	    929	   1015
            308	    930	   1016
            309	    931	   1014
            310	    927	   1014
            311	    930	   1017
            312	    932	   1019
            313	    933	   1020
            314	    936	   1016
            315	    932	   1016
            316	    930	   1016
            317	    934	   1017
            318	    938	   1019
            319	    937	   1020
            320	    937	   1020
            321	    937	   1020
            322	    936	   1020
            323	    939	   1023
            324	    942	   1025
            325	    945	   1023
            326	    946	   1024
            327	    944	   1023
            328	    944	   1024
            329	    946	   1025
            330	    950	   1031
            331	    955	   1030
            332	    956	   1031
            333	    956	   1029
            334	    955	   1030
            335	    960	   1035
            336	    966	   1040
            337	    969	   1036
            338	    972	   1037
            339	    973	   1039
            340	    976	   1040
            341	    982	   1046
            342	    987	   1052
            343	    992	   1051
            344	    997	   1054
            345	    998	   1055
            346	    999	   1055
            347	   1004	   1060
            348	   1010	   1064
            349	   1016	   1065
            350	   1016	   1066
            351	   1019	   1068
            352	   1023	   1069
            353	   1027	   1072
            354	   1031	   1077
            355	   1036	   1079
            356	   1035	   1076
            357	   1036	   1078
            358	   1038	   1079
            359	   1041	   1080
