       sample #	   MLII	     V1
              0	    981	   1043
              1	    981	   1043
              2	    981	   1043
              3	    981	   1043
              4	    981	   1043
              5	    981	   1043
              6	    981	   1043
              7	    981	   1043
              8	    982	   1043
              9	    984	   1046
             10	    986	   1044
             11	    985	   1041
             12	    984	   1034
             13	    984	   1036
             14	    989	   1042
             15	    992	   1043
             16	    992	   1043
             17	    993	   1038
             18	    989	   1033
             19	    992	   1035
             20	    992	   1037
             21	    990	   1042
             22	    993	   1042
             23	    990	   1037
             24	    987	   1036
             25	    991	   1035
             26	    989	   1037
             27	    992	   1041
             28	    995	   1041
             29	    991	   1031
             30	    985	   1026
             31	    977	   1015
             32	    973	   1010
             33	    972	   1009
             34	    974	   1001
             35	    972	    989
             36	    970	    977
             37	    976	    971
             38	    995	    974
             39	   1017	    980
             40	   1043	    986
             41	   1071	    988
             42	   1087	    988
             43	   1092	    987
             44	   1100	    994
             45	   1106	   1012
             46	   1120	   1047
             47	   1142	   1099
             48	   1166	   1159
             49	   1183	   1212
             50	   1187	   1240
             51	   1179	   1251
             52	   1166	   1261
             53	   1155	   1269
             54	   1140	   1280
             55	   1121	   1285
             56	   1098	   1285
             57	   1067	   1282
             58	   1028	   1268
             59	    995	   1251
             60	    971	   1231
             61	    961	   1217
             62	    955	   1204
             63	    954	   1203
             64	    946	   1203
             65	    943	   1203
             66	    931	   1205
             67	    922	   1206
             68	    926	   1217
             69	    935	   1226
             70	    946	   1232
             71	    949	   1238
             72	    955	   1238
             73	    965	   1239
             74	    978	   1237
             75	    988	   1229
             76	    992	   1213
             77	    992	   1193
             78	    984	   1169
             79	    976	   1142
             80	    972	   1113
             81	    969	   1097
             82	    969	   1075
             83	    970	   1063
             84	    968	   1053
             85	    970	   1053
             86	    971	   1049
             87	    971	   1045
             88	    972	   1041
             89	    969	   1036
             90	    967	   1033
             91	    967	   1036
             92	    967	   1038
             93	    968	   1038
             94	    967	   1031
             95	    968	   1026
             96	    964	   1026
             97	    966	   1029
             98	    966	   1034
             99	    966	   1032
            100	    968	   1031
            101	    967	   1024
            102	    964	   1023
            103	    966	   1027
            104	    968	   1033
            105	    972	   1033
            106	    971	   1031
            107	    971	   1024
            108	    968	   1021
            109	    968	   1024
            110	    970	   1027
            111	    972	   1032
            112	    971	   1031
            113	    970	   1028
            114	    968	   1022
            115	    967	   1024
            116	    970	   1027
            117	    974	   1033
            118	    974	   1035
            119	    973	   1030
            120	    972	   1024
            121	    974	   1023
            122	    976	   1029
            123	    977	   1034
            124	    979	   1033
            125	    979	   1030
            126	    976	   1026
            127	    978	   1026
            128	    982	   1030
            129	    986	   1031
            130	    986	   1035
            131	    983	   1035
            132	    981	   1029
            133	    981	   1028
            134	    985	   1031
            135	    985	   1039
            136	    989	   1040
            137	    989	   1039
            138	    988	   1033
            139	    989	   1033
            140	    991	   1038
            141	    991	   1044
            142	    997	   1047
            143	    997	   1042
            144	    996	   1042
            145	    997	   1041
            146	    998	   1046
            147	   1002	   1049
            148	   1006	   1052
            149	   1007	   1052
            150	   1004	   1049
            151	   1005	   1050
            152	   1008	   1052
            153	   1011	   1057
            154	   1011	   1060
            155	   1007	   1061
            156	   1009	   1059
            157	   1010	   1060
            158	   1013	   1060
            159	   1017	   1063
            160	   1017	   1067
            161	   1017	   1068
            162	   1017	   1067
            163	   1018	   1067
            164	   1020	   1068
            165	   1021	   1070
            166	   1024	   1073
            167	   1025	   1075
            168	   1023	   1076
            169	   1026	   1076
            170	   1031	   1077
            171	   1034	   1079
            172	   1034	   1083
            173	   1034	   1082
            174	   1033	   1082
            175	   1032	   1083
            176	   1031	   1083
            177	   1038	   1085
            178	   1038	   1087
            179	   1038	   1088
            180	   1037	   1087
            181	   1039	   1088
            182	   1038	   1088
            183	   1040	   1092
            184	   1044	   1094
            185	   1043	   1096
            186	   1041	   1093
            187	   1040	   1092
            188	   1043	   1094
            189	   1045	   1098
            190	   1049	   1099
            191	   1049	   1098
            192	   1049	   1098
            193	   1046	   1100
            194	   1050	   1101
            195	   1054	   1102
            196	   1053	   1105
            197	   1052	   1103
            198	   1047	   1105
            199	   1046	   1106
            200	   1049	   1104
            201	   1052	   1105
            202	   1053	   1108
            203	   1051	   1107
            204	   1050	   1109
            205	   1049	   1110
            206	   1049	   1111
            207	   1052	   1110
            208	   1052	   1112
            209	   1051	   1111
            210	   1050	   1114
            211	   1052	   1116
            212	   1053	   1116
            213	   1054	   1117
            214	   1052	   1116
            215	   1049	   1118
            216	   1047	   1120
            217	   1047	   1122
            218	   1050	   1123
            219	   1048	   1122
            220	   1047	   1122
            221	   1047	   1124
            222	   1044	   1126
            223	   1042	   1129
            224	   1044	   1130
            225	   1046	   1131
            226	   1045	   1132
            227	   1042	   1134
            228	   1039	   1138
            229	   1040	   1137
            230	   1041	   1141
            231	   1046	   1140
            232	   1045	   1140
            233	   1044	   1140
            234	   1041	   1144
            235	   1042	   1146
            236	   1045	   1150
            237	   1043	   1151
            238	   1043	   1147
            239	   1040	   1149
            240	   1038	   1148
            241	   1036	   1154
            242	   1038	   1156
            243	   1042	   1153
            244	   1042	   1151
            245	   1042	   1152
            246	   1041	   1150
            247	   1039	   1155
            248	   1041	   1156
            249	   1045	   1155
            250	   1047	   1153
            251	   1045	   1150
            252	   1046	   1152
            253	   1046	   1153
            254	   1048	   1154
            255	   1050	   1152
            256	   1053	   1145
            257	   1051	   1146
            258	   1049	   1146
            259	   1049	   1150
            260	   1051	   1152
            261	   1051	   1151
            262	   1054	   1149
            263	   1053	   1146
            264	   1053	   1146
            265	   1053	   1151
            266	   1056	   1154
            267	   1057	   1152
            268	   1059	   1150
            269	   1058	   1148
            270	   1057	   1146
            271	   1059	   1149
            272	   1057	   1152
            273	   1063	   1150
            274	   1063	   1149
            275	   1061	   1142
            276	   1061	   1142
            277	   1062	   1145
            278	   1064	   1148
            279	   1069	   1149
            280	   1068	   1145
            281	   1065	   1135
            282	   1061	   1129
            283	   1060	   1127
            284	   1061	   1129
            285	   1062	   1126
            286	   1062	   1119
            287	   1062	   1106
            288	   1064	   1097
            289	   1066	   1099
            290	   1079	   1103
            291	   1091	   1111
            292	   1102	   1114
            293	   1105	   1117
            294	   1105	   1119
            295	   1103	   1122
            296	   1108	   1130
            297	   1108	   1137
            298	   1105	   1137
            299	   1095	   1136
            300	   1081	   1127
            301	   1064	   1128
            302	   1046	   1124
            303	   1026	   1128
            304	   1010	   1131
            305	    984	   1135
            306	    958	   1135
            307	    931	   1132
            308	    908	   1131
            309	    884	   1125
            310	    866	   1115
            311	    850	   1103
            312	    838	   1095
            313	    829	   1086
            314	    827	   1085
            315	    831	   1085
            316	    838	   1088
            317	    850	   1094
            318	    864	   1101
            319	    883	   1108
            320	    903	   1115
            321	    925	   1119
            322	    935	   1115
            323	    935	   1104
            324	    930	   1085
            325	    919	   1064
            326	    910	   1041
            327	    898	   1019
            328	    882	    997
            329	    864	    972
            330	    847	    947
            331	    836	    923
            332	    833	    901
            333	    829	    887
            334	    829	    876
            335	    829	    870
            336	    827	    862
            337	    824	    857
            338	    826	    854
            339	    827	    853
            340	    826	    850
            341	    823	    850
            342	    825	    848
            343	    823	    849
            344	    823	    846
            345	    825	    844
            346	    826	    843
            347	    822	    841
            348	    820	    840
            349	    819	    842
            350	    819	    840
            351	    820	    838
            352	    823	    834
            353	    819	    835
            354	    818	    834
            355	    818	    837
            356	    821	    837
            357	    821	    834
            358	    823	    830
            359	    821	    829
